$ANSIBLE_VAULT;1.1;AES256
34313431376362393431346165666361656535363134666262393063626264396336396561643034
3664396230663332643536623739616439376531623430350a626661653064643330306239616331
33386136393565616663363737303533346235363865393237343266306633653461383730646135
6261366463373132300a616130653264636665323933316439323063326562633333353734376362
39666631363535346635383364393332346532326133333439666234383132653134323334363861
62623663353236343365633933373436633866666661383235633162663632323839643934363135
38366561323564663766643966353130396134313037616130313136663932643631616362343061
62393333653632323231393164383539633964376166316132626534373532303032363562663336
66323730626536633137333435333161356334356539353737633333383637343436636137363037
63323736373763383734623361313066336636336333643635636437343566613539386436316336
36656663653033316136313433343665316337636537396630303031373931393361623336626262
64373335373065366538636563373731653934663732336634643833643930646464303632646238
61653339323132326233303339303263306264343437313964306431343637316361386537623466
65383065333666303031383333313963373239623264363436333938633465303432393464356464
61383130313832613635613631326430396264343031633765313035656339313264383066366366
66383861303233666536623566656664366236303163626634363362333664383737633931343764
31633866303763646466333935373164313039656366623464303163376139393764653132623735
61616133393138646263653363313634326635383038383431386639623433623037313762363839
31393164363436656133326438313464666463623238666339326566663633353936303361336137
65376464613364616265336636343131363236393937373661396139646639326535396566666139
63386238353034323433393965396334613937383635633331356263633135636333343365666432
33633230306466303464666462396336313262366138303363306465626533643261666235653662
64666632663937343366356232396363613965353237386662326637323231663434396463663638
64616539353562643765313337643635353837666536376566323464393463313262373835393534
31336565306137653963336130393865366566633366633339366436653663313836653931643733
61386537616264653832366232313238636566663238656161656263323666626636663961636563
64393436613636653135363031623264366337663064633437346637623265623166646536376437
64653239303736373535656130643063336466666162656531373036326135666334343865636637
34393837346534643661653439313839383832363838313861373763303132323234343931336432
65366233643635373361636463633135623537303639303035363135393333353862343264333135
36646339313334656531663163653330323333363436313263653032323263333032306462393664
30346338656530613934653865656539326462393735396365643364306430383039393561653364
33343939303239346464353963313639363761643436353763666134306266396633363830316130
61383234643761646432373865636365653061616363373062393030386539306533613133333062
31636335643865663535313663326532333164316438356165346335323135336134633561343435
37653864303765643438646137356265643761656436356330343161333331376132346236613937
62333764303262363134393734303435353664613134353037303863383236396565656633666562
38333964326134623930636430646464623136333666326235616565323030373765626366613862
61353363313334653563316664373165336234383632333130653563353136363535306437363333
32613437313334363533363463336632636433353539363638313738376536393434613066343163
66336537306163316430313165383938616264373232386233363763343366353261326435663339
65303539353135376135343864653434376632396533316564343939323832353936303830626137
35633535666430343230303065663361653964663338653839373465653836623063323463313532
33343237613030383364353438313237363233303931393666343237626636653037363261643535
34316130376235323865343833626664356534333564393662333539353761356139353238646638
62363930383730383566316239333634396639376638316537643839323363316436666564613962
30646363646336313038373064653132306435393637626639363734323936326531313866333965
33643132666363383961666130336438303662363537383439393963363637666262356530653339
32633734636434623964356636376261343830643134633564356664343333653664623163663961
66346366656238383561663662613766636461623034376339653430343635633232663761636364
65366438303166393164336239373039653630346563623866346436613361386661356132656636
37343431316534333537363164623535343334396430636533313361666230666632343537323138
62343065386336633433356632646462383333396131373764636634393437356164366166353839
39326233626136313961393164646336376637663535623532643030616135336666643639366636
35356531326631633864643964656531366462383862626566386131323731636437303134326166
34376135643864346538323335626135653462623530336466336630313038643334663631326333
61333735653533666164656237643237343063316530303534313236626636623461356162323062
64613663666433356265663733666432663534376164353538373361386533623761313130626531
31633634353338393838373363393731396565396336353933666233393564396635376332343332
62656561626430373766366662623161366233623639656263343338646637303438616338656638
66303364303334306532346231343736633038633263666433386232363930643466373364666264
32613632303930313664346133656463656366626339396130383363383064343564343434613535
38343562306263393864313339323464386638373864343262393931313730326464393762656165
66646363306632623063663264323337386364313762363938613762366464656365613865313065
38393031326136396330626639326263303638663564333639633639303036633365373161333338
66643831333634633165376436653935396530663362343739376334663665613262373238326232
38626139376332393662626332366534303139323361353031303961653233373735396364643165
34323665353564333731356133326432343431613663643232346135393164303962633163313439
64626136373633356632386334623331653164396536623339623063373333353262393565303565
64326436643534396465383964356334326266613933636533326537663365353739383661323065
34636634613962376433316231393064613430663635616539666464633536383731613065376337
62393831366166663933393238653432386236393733633033343231383462613039663335383762
30396137323561353861323532346264653462323162393565623635643631653062376166336566
33626566626139646263396332393861623038363033313666393962643137313939396162353332
61306530363739383166393031366133363634316562386533333338383035636532363730616337
66373338346163306564386137303537633761346637613538336131623362646263653233353136
33663165306438613433323136383132666463383834313961666661363264306233346566363139
33663034373465383163396137396631353138616439326331383638366661353361333732373038
32663663336537356437666134366138333732343839313833373130343835323364303334656333
37326339353837343237343634343332643737353565373632666330643363363563333637343964
64386466306632313335303461306531343965653934656261656362373431363635326338643865
34303233643237396639383134383062646362316132643266343561383937386562356636303730
34303164313737386435303664613665613562383434313130376436386333636235353737653163
62323336376234626666313462306166656531343234656532626438656262326430626361336262
34396233306636653532343138386532663438346366346133363832333338613233383630396634
38663230656663363661386537653461353466663662376261336462323263646335646333623938
34356637613265643861376338346265663362653961363665636332343839656534396162346463
35363238653966353636623236333931386466316563393164363030646530313639333736333835
31336263343730616133663261373064666334643363643334303661616138386131653366343763
31363832363833346337396464353336616439326261306135376337356438666166363562653838
62316131336434333665373234643734623031613939303538383861643630633834366263343865
30313334366537313434313866323737663933326665393366333031353462623133356662373931
30666130633237353364666132343061376461336164366230336131373538373937616562613564
66393739356466346237373263363263316330623038383734333932336161323364333739353437
30356465613330373339303564353335646131633961306363376261333331336638656665396336
32653437383530346437383338643763303639343230353964373861626566306363666434323262
65356434353633303836306233323461346438643434383639363235623365366161636234626465
61346639653138653537396462656233333232643139396265653339343331336363316430646233
31313134636139346361346564656261343631623031663831353434366334303538326532616136
35316563646637376466663364336632636561616463376536373637653635343135326336353461
34633966613533653439646536343162633962336365343764356261333766343565633532303563
62636133346666303866643135306461373965373033396532663533353064363931643333323536
33626534623865653830316463643864613437356337626366363363376436313164633135616536
34643935353634353961316564333237616365616435613638343362653839346335653963633734
61623762323938366462633737343435376436366162613234396665666565633732323136613361
32646334643863356263393533386664396163326337303836636664396437353562383337623536
63396666376239613138666365373339366332656639303166366564323331306138376665336565
65653065323063643862386535353064336464346237613765646433386134323766343465346161
32303038326164643731383138343334643331653464613033316137663433316230343334303230
61373630343138303666663736303765306237313963363834626462626162316534646535303065
63633164656334663839303962616362646231666435643865663166666331636134643732643231
35636230653739333531376638626566343130386331343438366439316439653562633232313965
38383532633037366463643130326432633736613465393865333631646539376636343764333063
62636633313965656164326130346539306330396536373837313663353835613061303264323936
63646362336233623666303437393638623935313561653737636130326431393432613034393964
38343438666163383965663764313162336338633566333536656131633534313232383234306465
38353739396565393066653963643364316236333935396637633338616339343766663362313038
37333931396237343962316562346339633337636137333337623739346332633863633230313432
64376533396332613164303163653233643531333637353536303630396639363535646635653430
37383137653064373739356462633337313330656433356533656538656434653063663562323038
65666662393364343031633632656138613637613966643263366337623862663462393065373939
35373438616636366631323965303138323139663766303737333861666465663166336563363738
36343030303461303335373930656532653366363136646332666130383237653563333663643731
39336334653430653464303037336235323062626664393934353735613861653730613639376363
30393365353264333136323663303131313266656135363330626339393764366331663162323334
33363131333866336564333739333234313934323137316461636239316237363239376233353364
39323130646433633364383539353861613933346430396664313766336466613365396630626433
65633062616565633733653636373466333639316439373232613562633366373135363834346465
34343338393333346665363930636535333733633635346531303366393939623931396439383932
31323765643637326431383866653336386462623035373966653761383830336638343439303262
61366231313062613034336534613937353734633330633537366239616135633737636233336362
33626435616538656332663762363032623563623038613765333435613136373737616539396430
36373137343563336133383737386161663732383962306532336239333635316439393535333037
39653634646538343230653161336662346634626135623534626530333636663632393937333937
30333132393830353932383730303036626635663635393763616537633534613039386235383661
65633962636431306532623335316230363261343431323337653932646335383966386632636238
32303861386564666537383864636534353532323763396332366136376666623561643739386639
64353531633665636263656232333930383639383962383536623437636664373832633164356537
61633334316164363162343363346433643630626465393033356461386637343031643939623439
61623663323138343035323637353136616661636565353261333235373030666331363539393537
62373266366164616463313533323239306131323037346163323838623366626232393736353538
38343638633866313630663562656261346363356134636638633464353163656664616264336366
38643831633666633361363333326465653964306332366262663264386339336133366530613536
64656665333061613237393463323663353662386434393264616664616164383236643764303466
39323666353838376436346565343531396536316239366330393330666635376163383734303934
63343065373631386564303362363637623639653739373130393863383238316635366363616263
62386663396232663465643537313232366637623831306632306531613035643634613733613666
63633832346331616433343135393263653165366362373864303739636162616437386163653233
38346364396639353032363834393739316636336331386666616565613363656666303432656534
64306330366139653234623931353933633638363066663666393361336163383136343462366633
61393561653938346334646130383361323732613031373163336432633130393136393630383665
61643466383837666663666431383431623938393231623630393465623532326264396636653135
63343339623566666530396563633964636137633366313666663039613638613261633832343737
35663038633166333361613561393130613765343862623137633935343534663738633265656433
37356538313466633865363466643434306362366533343436663032313839626564323761336437
63333837303162363533303534343964343033383862316639656162613861623736353434353265
65313632353932363737616663353465613030636665333732636266316637383163666464336633
38333635383538393464343530366334303461356338636436353866366662396531616631653764
62376136383934316263386630356433656236616239316639333534386261376264323264666361
30333933386462316431383230633262343731653139323737613333666165663839366162306633
66353739323065386134383762363361363265313461313539636334343936633038386233356564
61353930323764396434346139356634666537393337336238663037653638616566306135303934
30623161353663623965666438313336393965373361313639353266313332366165373936363037
36343762616464346264366666353834303666383030313466366432343836616163353762383733
30643335663938323864323031663864616338363764326431623263623831656561636239303331
37363062323333303430633861383662623766333434323637386439636166353837393363643564
32353337343665613333393238633237363831363861306165633164336163373636393162646231
34643265616236666234623461356164653638646338623931353264386162343761393165623236
38313832326533613663663538333239313563336165393161323939393964313965336463616264
61643264646634666339616230306535616466346463303061313138323139383265336430623963
65633033353662653230323436326462326465376532613336383138323264636136313061666266
64666636663932326132373731616166383039653166336534316561613233323830353736383132
30393666646330366433366566316535616331386431636238323331383432313866356662623063
31626438663233633865396661353062393561666161386337306631623032316365616163646465
65396561656638613861343761313838353332343130396133303064303731633831653031366535
62633031636631643536306262636536633435366335643062353165646166373536393539383738
35636439303930646130666235626366376664343266306332366165343737366233366464323439
65656339346236396337653364646134383439333934316166613164643638316433666532373465
656639623665333266333461306133383066
